[100,9,2,28]
[101,0,20,57]
[102,5,28,68]
[103,10,16,32]
[104,1,15,42]
[105,11,15,70]
[106,6,7,50]
[107,7,9,39]
[108,8,8,64]
[109,11,21,26]
[110,6,28,46]
[111,11,2,65]
[112,9,9,28]
[113,6,30,48]
[114,5,29,68]
[115,0,25,36]
[116,6,9,51]
[117,11,30,32]
[118,7,27,37]
[119,2,20,34]
[120,11,14,37]
[121,7,9,45]
[122,13,12,63]
[123,12,14,34]
[124,5,19,51]
[125,5,21,46]
[126,3,3,52]
[127,5,21,73]
[128,6,17,39]
[129,11,22,70]
[130,10,24,74]
[131,9,21,49]
[132,7,13,57]
[133,2,1,57]
[134,6,17,60]
[135,12,8,34]
[136,13,11,65]
[137,5,16,35]
[138,10,11,60]
[139,12,11,58]
[140,15,11,53]
[141,14,13,57]
[142,3,13,52]
[143,5,8,67]
[144,7,5,25]
[145,12,27,45]
[146,4,6,44]
[147,10,26,71]
[148,8,22,73]
[149,9,26,55]
[150,0,2,68]
[151,2,26,62]
[152,15,10,54]
[153,11,27,62]
[154,13,28,46]
[155,1,19,33]
[156,13,22,64]
[157,7,16,48]
[158,7,31,62]
[159,7,20,53]
[160,3,15,62]
[161,14,15,50]
[162,2,6,62]
[163,14,16,55]
[164,15,26,36]
[165,2,13,63]
[166,5,5,59]
[167,15,15,60]
[168,7,20,57]
[169,9,30,74]
[170,3,8,73]
[171,6,18,45]
[172,5,9,63]
[173,5,5,61]
[174,12,26,37]
[175,7,3,54]
[176,2,19,37]
[177,2,4,74]
[178,4,10,61]
[179,15,21,41]
[180,5,17,70]
[181,1,25,29]
[182,3,16,30]
[183,15,22,41]
[184,14,5,60]
[185,4,20,42]
[186,13,10,49]
[187,6,10,33]
[188,14,7,28]
[189,10,1,27]
[190,2,28,69]
[191,14,9,56]
[192,10,30,67]
[193,12,26,61]
[194,9,31,66]
[195,9,25,47]
[196,0,27,30]
[197,8,1,32]
[198,9,3,39]
[199,13,9,51]
[200,9,23,40]
[201,14,11,55]
[202,9,11,52]
[203,13,10,46]
[204,0,26,49]
[205,9,2,30]
[206,9,26,32]
[207,9,4,52]
[208,2,16,26]
[209,15,28,37]
[210,0,5,47]
[211,7,31,71]
[212,7,18,54]
[213,11,21,30]
[214,7,22,59]
[215,3,6,46]
[216,0,11,29]
[217,10,11,68]
[218,6,30,35]
[219,4,17,54]
[220,1,22,53]
[221,5,13,35]
[222,14,1,52]
[223,1,18,45]
[224,1,11,36]
[225,14,25,30]
[226,7,13,57]
[227,4,16,59]
[228,1,17,59]
[229,13,5,32]
[230,11,2,67]
[231,12,12,34]
[232,9,26,44]
[233,12,19,49]
[234,3,24,64]
[235,8,5,53]
[236,9,8,69]
[237,1,8,74]
[238,1,6,35]
[239,2,20,40]
[240,15,25,68]
[241,11,31,66]
[242,14,14,38]
[243,10,28,29]
[244,4,1,58]
[245,0,7,71]
[246,5,13,26]
[247,4,28,30]
[248,13,2,47]
[249,6,12,74]
[250,15,21,73]
[251,3,15,58]
[252,15,2,39]
[253,0,25,34]
[254,1,21,30]
[255,7,6,43]
[256,2,31,60]
[257,11,29,65]
[258,3,14,58]
[259,5,24,43]
[260,9,7,41]